00000000000000000000000100100011
00000000000000000001000100100011
00000000000000000010000100100011
00000000000000000011000100100011
00000000000000000100000100100011
00000000000000000101000100100011
00000000000000000110010001010110
00000101001100100000000000000000
00000000000000000111000101110011
00000000000000001000000101100101
00000000000000001001001101011000
00000000000000001010000101010011
00000000000000001011001100011000
00000000000000001100100000100101
00000000000000000001000000010010
00000000000000000001000100010100
00000000000000000001001000100110
00000000000000000001010100110111
00000000000000000001011000011000
00000000000000000001100000100011
00000000000000000001100100101001
00000000000000000001101001010010
00000000000000000001101100100100
00000000000000000001110000100011
00000000000000000000001000000101
00000000000000000000001000011001
00000101001100100000000000000000
00000101001100110000000001011000
00000101001101000000000000001000
00000101001101010000000000000000
